0.0,0.20125134060818262,0.20125134060818262
0.31849438135856245,0.3287671865648931,0.01027280520633067
0.3058904048442328,0.2723274514273687,-0.033562953416864105
0.3737426785283742,0.27987464832408404,-0.09386803020429013
0.3289063530023344,0.287787387466364,-0.041118965535970387
0.4468751010283232,0.3409493703406319,-0.10592573068769129
0.42090619693044007,0.24374605097886837,-0.1771601459515717
0.3325498242832252,0.2622918931332193,-0.07025793115000589
0.3214197817850464,0.36545686413735706,0.044037082352310686
0.308201264293237,0.22685603547589572,-0.0813452288173413
0.3253383385892567,0.305622890049578,-0.019715448539678715
0.3411860151610176,0.3465549065671162,0.005368891406098586
0.3496298306976479,0.3168056207151244,-0.0328242099825235
0.32603268933855134,0.30906107444893516,-0.016971614889616182
0.3097969950722982,0.3139791463319922,0.004182151259694011
0.3294333206037233,0.22390388689385854,-0.10552943370986478
0.33936214725082126,0.306345584372118,-0.03301656287870325
0.3268652262671399,0.24959019219904222,-0.07727503406809766
0.394431834950658,0.30971088037744554,-0.08472095457321244
0.35246533477844466,0.2860038746061567,-0.06646146017228793
