0.2943894902114351,0.38556776628112,0.09117827606968487
0.30063130912087743,0.25903390699553286,-0.041597402125344574
0.28710393272297763,0.39581122734775454,0.1087072946247769
0.3072733888431244,0.3838770161616173,0.0766036273184929
0.37327041017275653,0.292692633804308,-0.08057777636844854
0.29807296584174325,0.42294257440103045,0.12486960855928719
0.341608984887244,0.4615886857347422,0.1199797008474982
0.353490961108318,0.7393423698352255,0.3858514087269075
0.3423780993663678,0.36834614816630284,0.02596804879993503
0.35347542396448534,0.32350990338206087,-0.029965520582424465
0.21902989890365265,0.41401137249224995,0.1949814735885973
0.3212393300392071,0.4500243197737689,0.12878498973456176
0.30988868345146947,0.37684260043570683,0.06695391698423736
0.29314797094416867,0.30763595779616015,0.014487986851991486
0.29497649297114037,0.312208065218082,0.017231572246941607
0.32612724894557366,0.31863918289329474,-0.007488066052278919
0.38050186661948954,0.3948501261616457,0.014348259542156183
0.3734042395750533,0.37296674014939113,-4.3749942566218003E-4
0.4354436356413066,0.35708928495219083,-0.07835435068911578
0.322815748154895,0.5082823068452635,0.18546655869036854
