0.34148048133629144,0.35424129034291935,0.012760809006627905
0.2233695526304974,0.21291467045681756,-0.010454882173679847
0.24462376963322807,0.2542579675992973,0.009634197966069236
0.2334869833113996,0.22225586511820017,-0.01123111819319944
0.21531565770583772,0.30385149289711644,0.08853583519127872
0.30767133419821147,0.3200243397247109,0.012353005526499428
0.23992344637485163,0.24316284210008288,0.003239395725231242
0.23585404415052602,0.2919732251871746,0.05611918103664859
0.21399433389710498,0.2655455486965831,0.05155121479947811
0.2259198574686393,0.33037447701503436,0.10445461954639507
0.17011272197004135,0.23655272614633482,0.06644000417629348
0.22767118214350546,0.2724671861399989,0.044796003996493416
0.23837334341631522,0.25616292226619286,0.01778957884987764
0.20539584067714867,0.22757863051335137,0.0221827898362027
0.2194669010023481,0.2290309321810613,0.009564031178713184
0.15034748625325423,0.29003748412760466,0.13968999787435044
0.20254899333383203,0.24802542304525588,0.04547642971142385
0.2228687445269508,0.2551290586177326,0.03226031409078181
0.25119491342122036,0.2669845478813534,0.01578963446013304
0.2177922857335245,0.23495242218727308,0.017160136453748587
