0.0,0.23603728952466096,0.23603728952466096
0.21373244350795628,0.18081921535850262,-0.03291322814945366
0.27556537533798153,0.19686200727162895,-0.07870336806635259
0.26879801692288574,0.24557472414988557,-0.02322329277300017
0.26382144162685495,0.19179823300124998,-0.07202320862560496
0.21009829384344947,0.25955575876738746,0.04945746492393799
0.2656376334559618,0.17036038028025324,-0.09527725317570857
0.2720804153001861,0.21781485829536418,-0.05426555700482194
0.2862769903366532,0.14867830903543733,-0.13759868130121589
0.2961500243964815,0.19410809987214564,-0.10204192452433589
0.2255187305362939,0.1472351988755234,-0.07828353166077051
0.31596443100903715,0.20699244295518437,-0.10897198805385278
0.30433919059368175,0.13974843281410765,-0.1645907577795741
0.29338595086973596,0.1746666973990777,-0.11871925347065826
0.4296983743332594,0.20074446658123735,-0.22895390775202207
0.21377008814708076,0.16753579381822237,-0.046234294328858394
0.3038373551790897,0.24369232892652126,-0.060145026252568456
0.2707660294007853,0.19624696142254172,-0.07451906797824359
0.30785117567517084,0.15385917416358508,-0.15399200151158576
0.312127700914964,0.20476580671101316,-0.10736189420395084
