0.0,0.2702079307216445,0.2702079307216445
0.22263954513752338,0.32970624833947926,0.10706670320195588
0.27461402745098995,0.3192086372190349,0.04459460976804497
0.2613096315363721,0.17157176514137862,-0.08973786639499348
0.23136618818433263,0.18588412507571728,-0.045482063108615356
0.22018022671970072,0.23958906176240136,0.019408835042700634
0.22121745843248053,0.1785970175858952,-0.04262044084658534
0.2294268637924366,0.20043962317039266,-0.02898724062204394
0.2935027630916889,0.2943617325028899,8.589694112010049E-4
0.3858348943517933,0.15212412541238274,-0.23371076893941056
0.2480059865670191,0.19529265577221744,-0.05271333079480167
0.23053052495948168,0.1835396620375962,-0.04699086292188548
0.2742699369572963,0.18000709223580114,-0.09426284472149515
0.25466182389325764,0.2778066120174906,0.02314478812423293
0.2314785506530295,0.18383813135534088,-0.04764041929768861
0.22824158679748618,0.25904179502683855,0.030800208229352366
0.2605131950412306,0.2902463539804192,0.029733158939188598
0.2209117002643496,0.21091008823044965,-0.010001612033899931
0.266589770442623,0.13643263801272998,-0.13015713242989302
0.24854463280929673,0.2807826495051491,0.032238016695852356
