1497309621465,1497309621986,521
1497309624528,1497309625052,524
1497309627973,1497309628486,513
1497309632047,1497309632583,536
1497309635059,1497309635580,521
1497309638029,1497309638568,539
1497309640849,1497309641389,540
1497309643796,1497309644344,548
1497309646943,1497309647479,536
1497309649818,1497309650333,515
1497309652530,1497309653042,512
1497309655215,1497309655758,543
1497309658299,1497309658824,525
1497309661355,1497309661887,532
1497309664506,1497309665048,542
1497309667291,1497309667821,530
1497309670397,1497309670920,523
1497309673395,1497309673920,525
1497309676510,1497309677031,521
1497309679663,1497309680195,532
1497389189773,1497389190293,520
1497389194098,1497389194629,531
1497389197818,1497389198336,518
1497389199343,1497389199880,537
1497389202854,1497389203370,516
1497389204402,1497389204919,517
1497389214691,1497389215210,519
1497389218033,1497389218553,520
1497389220992,1497389221515,523
1497389224223,1497389224756,533
1497389227260,1497389227790,530
1497389230058,1497389230590,532
1497389233201,1497389233710,509
1497389235892,1497389236405,513
1497389239013,1497389239527,514
1497389242446,1497389242985,539
1497389245364,1497389245873,509
1497389248315,1497389248843,528
1497389251269,1497389251807,538
1497389254072,1497389254606,534
