0.0,0.10194721171071365,0.10194721171071365
0.25944198495357695,0.14252057120310113,-0.11692141375047582
0.29525027531129944,0.3234018426756884,0.028151567364388952
0.2903024593903142,0.10245974855086735,-0.1878427108394468
0.2770732951881293,0.28700585986996807,0.009932564681838785
0.2706894472931516,0.14815303598727958,-0.122536411305872
0.29724638305273277,0.21299484579433636,-0.0842515372583964
0.2868651817110014,0.20936099667320351,-0.07750418503779788
0.3119260417742693,0.18510425965776142,-0.12682178211650788
0.29641720499802393,0.34552656219715727,0.04910935719913334
0.3145902421381851,0.1640634202834398,-0.1505268218547453
0.3030755198966588,0.23912341711648322,-0.0639521027801756
0.2672012167236817,0.21275013552360633,-0.05445108120007536
0.3240790532471859,0.24640986111528781,-0.07766919213189807
0.2995648334195308,0.2923223177232165,-0.007242515696314289
0.3118775422486969,0.3147204784738121,0.0028429362251152224
0.3031892758032393,0.396564850188583,0.09337557438534372
0.29169903134497577,0.3695512415301311,0.07785221018515531
0.28116919214293634,0.3430780501345282,0.06190885799159185
0.3086356746014731,0.3292723581208392,0.020636683519366095
