0.37431708041099454,0.4293393062563984,0.05502222584540384
0.36590355991118406,0.47881185997504006,0.11290830006385599
0.36708889994561145,0.30080459717585517,-0.06628430276975628
0.36047636911958747,0.4367647984355969,0.07628842931600943
0.3702710236017651,0.30411146919181664,-0.06615955440994847
0.26419855394499026,0.39418111254117205,0.1299825585961818
0.3525188889303277,0.34120059603378805,-0.011318292896539628
0.4093696702668702,0.34297998473852986,-0.06638968552834035
0.3975606143176199,0.32879785234588355,-0.06876276197173636
0.38571810800752593,0.36019515973136096,-0.02552294827616497
0.4018624202305611,0.6560144893286232,0.25415206909806204
0.454290972235587,0.4712570753658925,0.0169661031303055
0.39934271686081485,0.33934184212494534,-0.060000874735869514
0.40907649467928175,0.3736639356982637,-0.03541255898101803
0.44095875920248695,0.3326827118294037,-0.10827604737308327
0.3902397871910976,0.38914583302343664,-0.0010939541676609488
0.42181800917934675,0.3243602722099539,-0.09745773696939286
0.4604011974348743,0.48896685268388274,0.028565655249008448
0.38764203937735664,0.4977335848462937,0.11009154546893707
0.4400498887844674,0.44199572352785665,0.0019458347433892742
