0.38640273616446896,0.4260510382966297,0.03964830213216075
0.4077074649526645,0.4449851522427928,0.03727768729012826
0.41135637913697387,0.4349573385932257,0.023600959456251847
0.3717617177994099,0.47359936955758,0.10183765175817006
0.38827487538725497,0.45327608789192714,0.06500121250467217
0.37059298745068725,0.47725263687709885,0.1066596494264116
0.3990090664536442,0.4052050887016736,0.006196022248029398
0.5318916229586224,0.6723361740134481,0.14044455105482578
0.5048321926760472,0.3588864348282783,-0.14594575784776886
0.3705843140931798,0.3187605001714907,-0.05182381392168911
0.3730107982643237,0.3342022072335761,-0.03880859103074763
0.3771693635463631,0.3777479863074932,5.786227611300765E-4
0.4016815211381093,0.3696619370901002,-0.032019584048009087
0.3846822451568356,0.4024470787121833,0.017764833555347748
0.40514572537285143,0.3019577039298398,-0.10318802144301165
0.38878544279080196,0.227848339095145,-0.16093710369565695
0.40605386160062906,0.2327866289513575,-0.17326723264927157
0.4163455264019331,0.29938417940755824,-0.11696134699437488
0.36529753970560563,0.26902034785368467,-0.09627719185192096
0.39106913761756146,0.36464120661824606,-0.026427930999315397
